======================================================================
RELATÓRIO DO EXPERIMENTO — Problema dos Nós Críticos (CNP)
======================================================================
Instância ................ BarabasiAlbert_n2500m1
Arquivo .................. Ventresca/BarabasiAlbert_n2500m1.txt
Vértices (n) ............. 2500
Arestas (m) .............. 2499
K (máx. de remoções) ..... 100
Algoritmo ................ greedy2 ingênuo (recalcula f do zero), O(k·n·(n+m))
Tempo de execução ........ 105.179 s
f(G) sem remoções ........ 3123750
f(G\R) obtido ............ 3726
Melhor valor conhecido ... 3704
Gap para o melhor ........ +0.59%

MELHOR SOLUÇÃO ENCONTRADA
|R| ...................... 100
f(G\R) ................... 3726
R (na ordem de escolha):
  1 0 15 5 19 7 18 9 38 36 96 44 21 72 112 20 30 54 164 58 4 11 12 75
  110 122 84 99 187 161 125 94 59 2 209 93 77 594 33 56 27 198 305 106
  43 170 70 222 22 89 101 153 46 530 114 486 3 140 166 132 192 368 81
  324 337 41 228 117 278 490 133 127 215 383 139 444 293 146 74 469 64
  359 461 31 394 231 401 377 32 682 65 229 281 586 82 193 298 60 203
  325
R (ordenado):
  0 1 2 3 4 5 7 9 11 12 15 18 19 20 21 22 27 30 31 32 33 36 38 41 43
  44 46 54 56 58 59 60 64 65 70 72 74 75 77 81 82 84 89 93 94 96 99
  101 106 110 112 114 117 122 125 127 132 133 139 140 146 153 161 164
  166 170 187 192 193 198 203 209 215 222 228 229 231 278 281 293 298
  305 324 325 337 359 368 377 383 394 401 444 461 469 486 490 530 586
  594 682
======================================================================

EVOLUÇÃO DE f(G\R) A CADA ITERAÇÃO
  iteração   vértice removido       f(G\R)
         1                  1       727939
         2                  0       116012
         3                 15        94338
         4                  5        74039
         5                 19        65539
         6                  7        57311
         7                 18        50133
         8                  9        44818
         9                 38        40911
        10                 36        37650
        11                 96        35258
        12                 44        32994
        13                 21        30792
        14                 72        29107
        15                112        27552
        16                 20        26001
        17                 30        24481
        18                 54        23024
        19                164        21746
        20                 58        20494
        21                  4        19361
        22                 11        18264
        23                 12        17256
        24                 75        16329
        25                110        15552
        26                122        15028
        27                 84        14509
        28                 99        14068
        29                187        13634
        30                161        13204
        31                125        12785
        32                 94        12380
        33                 59        11981
        34                  2        11670
        35                209        11363
        36                 93        11098
        37                 77        10834
        38                594        10570
        39                 33        10317
        40                 56        10065
        41                 27         9816
        42                198         9568
        43                305         9349
        44                106         9131
        45                 43         8923
        46                170         8724
        47                 70         8527
        48                222         8338
        49                 22         8177
        50                 89         8024
        51                101         7877
        52                153         7731
        53                 46         7586
        54                530         7443
        55                114         7301
        56                486         7159
        57                  3         7020
        58                140         6884
        59                166         6753
        60                132         6625
        61                192         6501
        62                368         6381
        63                 81         6262
        64                324         6150
        65                337         6038
        66                 41         5934
        67                228         5831
        68                117         5733
        69                278         5636
        70                490         5539
        71                133         5450
        72                127         5362
        73                215         5276
        74                383         5190
        75                139         5107
        76                444         5025
        77                293         4949
        78                146         4876
        79                 74         4804
        80                469         4734
        81                 64         4668
        82                359         4606
        83                461         4546
        84                 31         4487
        85                394         4429
        86                231         4374
        87                401         4321
        88                377         4270
        89                 32         4220
        90                682         4171
        91                 65         4124
        92                229         4078
        93                281         4032
        94                586         3986
        95                 82         3941
        96                193         3896
        97                298         3852
        98                 60         3810
        99                203         3768
       100                325         3726
