======================================================================
RELATÓRIO DO EXPERIMENTO — Problema dos Nós Críticos (CNP)
======================================================================
Instância ................ BarabasiAlbert_n500m1
Arquivo .................. Ventresca/BarabasiAlbert_n500m1.txt
Vértices (n) ............. 500
Arestas (m) .............. 499
K (máx. de remoções) ..... 50
Algoritmo ................ greedy2 rápido (DFS + pontos de articulação), O(k(n+m))
Tempo de execução ........ 0.023 s
f(G) sem remoções ........ 124750
f(G\R) obtido ............ 199
Melhor valor conhecido ... 195
Gap para o melhor ........ +2.05%

MELHOR SOLUÇÃO ENCONTRADA
|R| ...................... 50
f(G\R) ................... 199
R (na ordem de escolha):
  0 1 11 23 13 18 4 41 29 5 65 8 21 38 9 14 37 66 2 193 81 31 84 76 95
  141 99 6 20 79 111 121 236 124 49 50 132 32 15 45 169 27 67 127 179
  233 308 3 40 54
R (ordenado):
  0 1 2 3 4 5 6 8 9 11 13 14 15 18 20 21 23 27 29 31 32 37 38 40 41 45
  49 50 54 65 66 67 76 79 81 84 95 99 111 121 124 127 132 141 169 179
  193 233 236 308
======================================================================

EVOLUÇÃO DE f(G\R) A CADA ITERAÇÃO
  iteração   vértice removido       f(G\R)
         1                  0        12354
         2                  1         7052
         3                 11         5319
         4                 23         3697
         5                 13         3222
         6                 18         2747
         7                  4         2315
         8                 41         1956
         9                 29         1687
        10                  5         1508
        11                 65         1356
        12                  8         1248
        13                 21         1152
        14                 38         1069
        15                  9          989
        16                 14          914
        17                 37          844
        18                 66          787
        19                  2          732
        20                193          683
        21                 81          640
        22                 31          609
        23                 84          580
        24                 76          553
        25                 95          529
        26                141          507
        27                 99          486
        28                  6          466
        29                 20          446
        30                 79          426
        31                111          406
        32                121          387
        33                236          370
        34                124          355
        35                 49          341
        36                 50          327
        37                132          313
        38                 32          301
        39                 15          291
        40                 45          281
        41                169          271
        42                 27          262
        43                 67          253
        44                127          244
        45                179          235
        46                233          226
        47                308          217
        48                  3          211
        49                 40          205
        50                 54          199
