======================================================================
RELATÓRIO DO EXPERIMENTO — Problema dos Nós Críticos (CNP)
======================================================================
Instância ................ BarabasiAlbert_n1000m1
Arquivo .................. Ventresca/BarabasiAlbert_n1000m1.txt
Vértices (n) ............. 1000
Arestas (m) .............. 999
K (máx. de remoções) ..... 75
Algoritmo ................ greedy2 rápido (DFS + pontos de articulação), O(k(n+m))
Tempo de execução ........ 0.069 s
f(G) sem remoções ........ 499500
f(G\R) obtido ............ 559
Melhor valor conhecido ... 558
Gap para o melhor ........ +0.18%

MELHOR SOLUÇÃO ENCONTRADA
|R| ...................... 75
f(G\R) ................... 559
R (na ordem de escolha):
  1 16 8 6 10 0 68 21 56 19 9 51 67 54 183 92 285 61 81 217 59 58 22
  109 2 3 46 26 52 14 113 13 34 326 93 86 139 261 57 98 329 62 373 31
  395 193 219 520 110 187 756 44 325 24 48 63 101 102 400 73 242 35 37
  155 171 177 29 30 49 70 94 107 114 218 240
R (ordenado):
  0 1 2 3 6 8 9 10 13 14 16 19 21 22 24 26 29 30 31 34 35 37 44 46 48
  49 51 52 54 56 57 58 59 61 62 63 67 68 70 73 81 86 92 93 94 98 101
  102 107 109 110 113 114 139 155 171 177 183 187 193 217 218 219 240
  242 261 285 325 326 329 373 395 400 520 756
======================================================================

EVOLUÇÃO DE f(G\R) A CADA ITERAÇÃO
  iteração   vértice removido       f(G\R)
         1                  1        38098
         2                 16        28358
         3                  8        20736
         4                  6        14234
         5                 10        10714
         6                  0         9104
         7                 68         7521
         8                 21         6286
         9                 56         5600
        10                 19         4973
        11                  9         4471
        12                 51         4023
        13                 67         3697
        14                 54         3380
        15                183         3116
        16                 92         2940
        17                285         2775
        18                 61         2627
        19                 81         2503
        20                217         2386
        21                 59         2274
        22                 58         2167
        23                 22         2072
        24                109         1987
        25                  2         1905
        26                  3         1831
        27                 46         1763
        28                 26         1696
        29                 52         1633
        30                 14         1581
        31                113         1529
        32                 13         1479
        33                 34         1430
        34                326         1381
        35                 93         1336
        36                 86         1292
        37                139         1248
        38                261         1204
        39                 57         1161
        40                 98         1118
        41                329         1080
        42                 62         1046
        43                373         1017
        44                 31          989
        45                395          962
        46                193          936
        47                219          910
        48                520          889
        49                110          869
        50                187          851
        51                756          833
        52                 44          816
        53                325          799
        54                 24          784
        55                 48          770
        56                 63          756
        57                101          742
        58                102          728
        59                400          714
        60                 73          702
        61                242          690
        62                 35          680
        63                 37          670
        64                155          660
        65                171          650
        66                177          640
        67                 29          631
        68                 30          622
        69                 49          613
        70                 70          604
        71                 94          595
        72                107          586
        73                114          577
        74                218          568
        75                240          559
