======================================================================
RELATÓRIO DO EXPERIMENTO — Problema dos Nós Críticos (CNP)
======================================================================
Instância ................ BarabasiAlbert_n5000m1
Arquivo .................. Ventresca/BarabasiAlbert_n5000m1.txt
Vértices (n) ............. 5000
Arestas (m) .............. 4999
K (máx. de remoções) ..... 150
Algoritmo ................ greedy2 rápido (DFS + pontos de articulação), O(k(n+m))
Tempo de execução ........ 0.426 s
f(G) sem remoções ........ 12497500
f(G\R) obtido ............ 10216
Melhor valor conhecido ... 10196
Gap para o melhor ........ +0.20%

MELHOR SOLUÇÃO ENCONTRADA
|R| ...................... 150
f(G\R) ................... 10216
R (na ordem de escolha):
  1 0 2 31 5 18 85 28 4 17 32 71 39 53 80 19 34 216 181 81 62 367 189
  182 212 124 44 255 250 97 15 10 92 297 77 275 171 155 142 183 289 55
  252 91 230 29 93 37 357 38 113 508 33 219 196 146 217 27 533 375 30
  42 22 507 114 46 791 351 454 68 547 509 487 73 126 90 821 161 128
  550 104 618 24 232 12 723 61 149 118 990 63 162 883 184 712 52 372
  231 342 784 94 358 25 47 597 178 267 65 471 121 667 628 287 160 331
  274 797 191 971 398 599 1632 313 8 494 363 199 206 282 359 541 21
  794 166 579 414 593 714 13 229 70 476 1057 83 2074 84 119 466 243
  174
R (ordenado):
  0 1 2 4 5 8 10 12 13 15 17 18 19 21 22 24 25 27 28 29 30 31 32 33 34
  37 38 39 42 44 46 47 52 53 55 61 62 63 65 68 70 71 73 77 80 81 83 84
  85 90 91 92 93 94 97 104 113 114 118 119 121 124 126 128 142 146 149
  155 160 161 162 166 171 174 178 181 182 183 184 189 191 196 199 206
  212 216 217 219 229 230 231 232 243 250 252 255 267 274 275 282 287
  289 297 313 331 342 351 357 358 359 363 367 372 375 398 414 454 466
  471 476 487 494 507 508 509 533 541 547 550 579 593 597 599 618 628
  667 712 714 723 784 791 794 797 821 883 971 990 1057 1632 2074
======================================================================

EVOLUÇÃO DE f(G\R) A CADA ITERAÇÃO
  iteração   vértice removido       f(G\R)
         1                  1      3128035
         2                  0      1568763
         3                  2       605353
         4                 31       442107
         5                  5       376005
         6                 18       312390
         7                 85       256567
         8                 28       221889
         9                  4       192080
        10                 17       162441
        11                 32       146426
        12                 71       131887
        13                 39       119445
        14                 53       108397
        15                 80        99733
        16                 19        93612
        17                 34        88950
        18                216        84331
        19                181        79982
        20                 81        75842
        21                 62        71929
        22                367        68596
        23                189        65854
        24                182        63125
        25                212        61137
        26                124        59245
        27                 44        57403
        28                255        55602
        29                250        53851
        30                 97        52174
        31                 15        50545
        32                 10        48972
        33                 92        47446
        34                297        46079
        35                 77        44823
        36                275        43613
        37                171        42556
        38                155        41536
        39                142        40545
        40                183        39652
        41                289        38791
        42                 55        37939
        43                252        37112
        44                 91        36337
        45                230        35575
        46                 29        34817
        47                 93        34072
        48                 37        33385
        49                357        32738
        50                 38        32100
        51                113        31474
        52                508        30850
        53                 33        30264
        54                219        29680
        55                196        29106
        56                146        28535
        57                217        28012
        58                 27        27510
        59                533        27034
        60                375        26566
        61                 30        26100
        62                 42        25634
        63                 22        25174
        64                507        24755
        65                114        24364
        66                 46        23990
        67                791        23624
        68                351        23259
        69                454        22902
        70                 68        22577
        71                547        22264
        72                509        21955
        73                487        21651
        74                 73        21361
        75                126        21074
        76                 90        20793
        77                821        20530
        78                161        20268
        79                128        20009
        80                550        19756
        81                104        19506
        82                618        19261
        83                 24        19020
        84                232        18779
        85                 12        18565
        86                723        18353
        87                 61        18150
        88                149        17950
        89                118        17753
        90                990        17556
        91                 63        17362
        92                162        17170
        93                883        16983
        94                184        16797
        95                712        16613
        96                 52        16431
        97                372        16254
        98                231        16081
        99                342        15908
       100                784        15735
       101                 94        15571
       102                358        15409
       103                 25        15251
       104                 47        15097
       105                597        14944
       106                178        14792
       107                267        14641
       108                 65        14494
       109                471        14350
       110                121        14210
       111                667        14071
       112                628        13934
       113                287        13806
       114                160        13680
       115                331        13554
       116                274        13430
       117                797        13306
       118                191        13184
       119                971        13066
       120                398        12949
       121                599        12835
       122               1632        12723
       123                313        12612
       124                  8        12504
       125                494        12398
       126                363        12294
       127                199        12194
       128                206        12094
       129                282        11994
       130                359        11894
       131                541        11797
       132                 21        11705
       133                794        11613
       134                166        11524
       135                579        11435
       136                414        11347
       137                593        11259
       138                714        11171
       139                 13        11085
       140                229        11000
       141                 70        10916
       142                476        10832
       143               1057        10748
       144                 83        10670
       145               2074        10593
       146                 84        10517
       147                119        10441
       148                466        10365
       149                243        10290
       150                174        10216
