======================================================================
RELATÓRIO DO EXPERIMENTO — Problema dos Nós Críticos (CNP)
======================================================================
Instância ................ ErdosRenyi_n250
Arquivo .................. Ventresca/ErdosRenyi_n250.txt
Vértices (n) ............. 235
Arestas (m) .............. 350
K (máx. de remoções) ..... 50
Algoritmo ................ greedy2 ingênuo (recalcula f do zero), O(k·n·(n+m))
Tempo de execução ........ 0.400 s
f(G) sem remoções ........ 27029
f(G\R) obtido ............ 3889
Melhor valor conhecido ... 295
Gap para o melhor ........ +1218.31%

MELHOR SOLUÇÃO ENCONTRADA
|R| ...................... 50
f(G\R) ................... 3889
R (na ordem de escolha):
  66 226 92 86 103 26 42 43 198 157 1 228 12 24 58 23 38 54 196 201 55
  61 64 202 67 91 96 113 114 118 85 119 21 220 14 129 37 135 131 137
  154 160 165 144 4 213 48 176 151 74
R (ordenado):
  1 4 12 14 21 23 24 26 37 38 42 43 48 54 55 58 61 64 66 67 74 85 86
  91 92 96 103 113 114 118 119 129 131 135 137 144 151 154 157 160 165
  176 196 198 201 202 213 220 226 228
======================================================================

EVOLUÇÃO DE f(G\R) A CADA ITERAÇÃO
  iteração   vértice removido       f(G\R)
         1                 66        25662
         2                226        24545
         3                 92        23668
         4                 86        22809
         5                103        21966
         6                 26        21342
         7                 42        20728
         8                 43        20123
         9                198        19136
        10                157        18555
        11                  1        18172
        12                228        17606
        13                 12        17233
        14                 24        16682
        15                 58        16139
        16                 23        15782
        17                 38        15429
        18                 54        15080
        19                196        14228
        20                201        13563
        21                 55        13236
        22                 61        12913
        23                 64        12594
        24                202        12124
        25                 67        11815
        26                 91        11510
        27                 96        11209
        28                113        10622
        29                114        10333
        30                118        10048
        31                 85         9629
        32                119         9354
        33                 21         9083
        34                220         8685
        35                 14         8296
        36                129         8041
        37                 37         7546
        38                135         7303
        39                131         7064
        40                137         6829
        41                154         6598
        42                160         6371
        43                165         6148
        44                144         5929
        45                  4         5714
        46                213         5008
        47                 48         4715
        48                176         4338
        49                151         4155
        50                 74         3889
