======================================================================
RELATÓRIO DO EXPERIMENTO — Problema dos Nós Críticos (CNP)
======================================================================
Instância ................ ErdosRenyi_n1000
Arquivo .................. Ventresca/ErdosRenyi_n1000.txt
Vértices (n) ............. 941
Arestas (m) .............. 1400
K (máx. de remoções) ..... 140
Algoritmo ................ greedy2 rápido (DFS + pontos de articulação), O(k(n+m))
Tempo de execução ........ 0.088 s
f(G) sem remoções ........ 421832
f(G\R) obtido ............ 124426
Melhor valor conhecido ... 5012
Gap para o melhor ........ +2382.56%

MELHOR SOLUÇÃO ENCONTRADA
|R| ...................... 140
f(G\R) ................... 124426
R (na ordem de escolha):
  213 465 847 360 738 604 806 407 423 5 116 402 778 525 11 293 287 142
  327 705 558 630 18 20 80 97 158 183 756 240 251 278 145 306 366 506
  537 320 542 582 627 675 681 706 729 813 855 836 849 802 859 884 732
  889 436 914 935 17 21 25 26 31 46 53 64 68 52 212 73 574 76 713 91
  98 70 875 746 526 104 540 7 118 282 122 127 131 136 371 659 147 159
  49 936 163 164 166 197 173 175 29 176 190 206 207 245 260 264 273
  284 286 295 135 711 302 313 503 155 310 312 458 315 432 457 39 330
  599 612 180 271 336 418 553 381 431 450 784 725 367 865 119
R (ordenado):
  5 7 11 17 18 20 21 25 26 29 31 39 46 49 52 53 64 68 70 73 76 80 91
  97 98 104 116 118 119 122 127 131 135 136 142 145 147 155 158 159
  163 164 166 173 175 176 180 183 190 197 206 207 212 213 240 245 251
  260 264 271 273 278 282 284 286 287 293 295 302 306 310 312 313 315
  320 327 330 336 360 366 367 371 381 402 407 418 423 431 432 436 450
  457 458 465 503 506 525 526 537 540 542 553 558 574 582 599 604 612
  627 630 659 675 681 705 706 711 713 725 729 732 738 746 756 778 784
  802 806 813 836 847 849 855 859 865 875 884 889 914 935 936
======================================================================

EVOLUÇÃO DE f(G\R) A CADA ITERAÇÃO
  iteração   vértice removido       f(G\R)
         1                213       413627
         2                465       408194
         3                847       403692
         4                360       399218
         5                738       394769
         6                604       391223
         7                806       385940
         8                407       382435
         9                423       378946
        10                  5       375475
        11                116       372020
        12                402       368581
        13                778       363454
        14                525       360055
        15                 11       357514
        16                293       354141
        17                287       350786
        18                142       348278
        19                327       345779
        20                705       342462
        21                558       339984
        22                630       337515
        23                 18       335056
        24                 20       332606
        25                 80       330165
        26                 97       327733
        27                158       325310
        28                183       322896
        29                756       317311
        30                240       314927
        31                251       312552
        32                278       310186
        33                145       306267
        34                306       303925
        35                366       301592
        36                506       299268
        37                537       296953
        38                320       294647
        39                542       292350
        40                582       290062
        41                627       287783
        42                675       285513
        43                681       283252
        44                706       281000
        45                729       278757
        46                813       276523
        47                855       272824
        48                836       270614
        49                849       268413
        50                802       266221
        51                859       264038
        52                884       261864
        53                732       258979
        54                889       256826
        55                436       253262
        56                914       251133
        57                935       249013
        58                 17       247604
        59                 21       246199
        60                 25       244798
        61                 26       243401
        62                 31       242008
        63                 46       240619
        64                 53       239234
        65                 64       237853
        66                 68       236476
        67                 52       235103
        68                212       233052
        69                 73       231689
        70                574       229652
        71                 76       228299
        72                713       226277
        73                 91       224934
        74                 98       223595
        75                 70       222260
        76                875       220266
        77                746       218280
        78                526       214993
        79                104       213684
        80                540       211729
        81                  7       210430
        82                118       209135
        83                282       207200
        84                122       205915
        85                127       204634
        86                131       203357
        87                136       202084
        88                371       200183
        89                659       198291
        90                147       197034
        91                159       195781
        92                 49       193910
        93                936       192047
        94                163       190810
        95                164       189577
        96                166       188348
        97                197       186513
        98                173       185294
        99                175       184079
       100                 29       182868
       101                176       181661
       102                190       180458
       103                206       179259
       104                207       178064
       105                245       176873
       106                260       175686
       107                264       174503
       108                273       173324
       109                284       172149
       110                286       170978
       111                295       169811
       112                135       168648
       113                711       166911
       114                302       165758
       115                313       164036
       116                503       162324
       117                155       161187
       118                310       160054
       119                312       158925
       120                458       157239
       121                315       156120
       122                432       153895
       123                457       151138
       124                 39       150041
       125                330       148948
       126                599       146775
       127                612       145156
       128                180       144081
       129                271       143010
       130                336       141943
       131                418       140350
       132                553       138766
       133                381       137192
       134                431       135627
       135                450       133554
       136                784       130987
       137                725       128952
       138                367       127434
       139                865       125925
       140                119       124426
