======================================================================
RELATÓRIO DO EXPERIMENTO — Problema dos Nós Críticos (CNP)
======================================================================
Instância ................ ErdosRenyi_n500
Arquivo .................. Ventresca/ErdosRenyi_n500.txt
Vértices (n) ............. 466
Arestas (m) .............. 700
K (máx. de remoções) ..... 80
Algoritmo ................ greedy2 rápido (DFS + pontos de articulação), O(k(n+m))
Tempo de execução ........ 0.024 s
f(G) sem remoções ........ 105116
f(G\R) obtido ............ 28520
Melhor valor conhecido ... 1524
Gap para o melhor ........ +1771.39%

MELHOR SOLUÇÃO ENCONTRADA
|R| ...................... 80
f(G\R) ................... 28520
R (na ordem de escolha):
  49 347 241 22 246 279 360 1 217 229 306 346 10 58 66 122 133 139 297
  303 381 194 436 464 4 6 20 16 41 43 48 57 69 15 110 73 50 314 81 93
  99 125 129 131 148 149 150 152 155 174 196 55 78 108 211 25 179 198
  172 201 209 218 228 212 257 264 103 270 286 309 350 239 316 142 178
  230 398 235 106 157
R (ordenado):
  1 4 6 10 15 16 20 22 25 41 43 48 49 50 55 57 58 66 69 73 78 81 93 99
  103 106 108 110 122 125 129 131 133 139 142 148 149 150 152 155 157
  172 174 178 179 194 196 198 201 209 211 212 217 218 228 229 230 235
  239 241 246 257 264 270 279 286 297 303 306 309 314 316 346 347 350
  360 381 398 436 464
======================================================================

EVOLUÇÃO DE f(G\R) A CADA ITERAÇÃO
  iteração   vértice removido       f(G\R)
         1                 49       101937
         2                347        99698
         3                241        97923
         4                 22        95726
         5                246        93987
         6                279        92264
         7                360        90557
         8                  1        89285
         9                217        88022
        10                229        86768
        11                306        85523
        12                346        84287
        13                 10        83061
        14                 58        81844
        15                 66        80636
        16                122        79039
        17                133        76682
        18                139        75513
        19                297        74353
        20                303        73202
        21                381        72060
        22                194        70927
        23                436        69803
        24                464        68688
        25                  4        67949
        26                  6        67214
        27                 20        66483
        28                 16        65036
        29                 41        64317
        30                 43        63602
        31                 48        62891
        32                 57        62184
        33                 69        61481
        34                 15        60782
        35                110        59742
        36                 73        59053
        37                 50        58368
        38                314        57349
        39                 81        56674
        40                 93        56003
        41                 99        55336
        42                125        54673
        43                129        54014
        44                131        53359
        45                148        52708
        46                149        52061
        47                150        51418
        48                152        50779
        49                155        50144
        50                174        49513
        51                196        48574
        52                 55        47953
        53                 78        47336
        54                108        45515
        55                211        44615
        56                 25        44020
        57                179        43429
        58                198        42842
        59                172        42259
        60                201        41680
        61                209        41105
        62                218        40534
        63                228        39967
        64                212        39404
        65                257        38845
        66                264        38290
        67                103        37195
        68                270        36652
        69                286        36113
        70                309        35578
        71                350        34784
        72                239        34259
        73                316        33738
        74                142        32965
        75                178        31701
        76                230        31200
        77                398        30457
        78                235        29966
        79                106        29479
        80                157        28520
