======================================================================
RELATÓRIO DO EXPERIMENTO — Problema dos Nós Críticos (CNP)
======================================================================
Instância ................ ErdosRenyi_n2500
Arquivo .................. Ventresca/ErdosRenyi_n2500.txt
Vértices (n) ............. 2344
Arestas (m) .............. 3500
K (máx. de remoções) ..... 200
Algoritmo ................ greedy2 ingênuo (recalcula f do zero), O(k·n·(n+m))
Tempo de execução ........ 169.572 s
f(G) sem remoções ........ 2676163
f(G\R) obtido ............ 1393897
Melhor valor conhecido ... 902498
Gap para o melhor ........ +54.45%

MELHOR SOLUÇÃO ENCONTRADA
|R| ...................... 200
f(G\R) ................... 1393897
R (na ordem de escolha):
  1497 1912 2194 2308 819 367 1773 716 613 978 1135 1561 1647 2092 67
  137 562 943 181 702 1159 765 850 899 1251 1333 1787 1964 2069 2110
  2139 2143 17 69 140 262 282 227 1713 287 348 418 459 2094 469 473
  675 816 939 952 1062 1079 1178 1716 1194 1231 1256 1382 1394 2199
  2229 2248 441 1618 1839 1945 2064 2188 2109 2148 2183 2220 58 78 122
  235 1188 245 289 2285 1352 395 333 341 372 2265 448 1404 1870 504
  507 534 578 597 620 689 1051 705 781 810 822 841 842 877 894 913 933
  1193 1237 1265 1297 1416 900 1469 1508 1793 1619 1675 1709 1509 970
  1711 1726 286 1730 2280 1770 1792 1809 1882 2009 2031 973 2123 2172
  2253 2341 8 241 16 22 40 51 1372 60 960 73 75 1131 86 1331 1369 985
  92 98 118 19 133 153 134 482 1334 151 2232 158 162 191 199 213 221
  237 247 251 258 1667 274 500 276 296 322 326 517 1031 330 1155 1938
  568 1865 664 338 359 537 273 721 636 74 361 365 1908 370
R (ordenado):
  8 16 17 19 22 40 51 58 60 67 69 73 74 75 78 86 92 98 118 122 133 134
  137 140 151 153 158 162 181 191 199 213 221 227 235 237 241 245 247
  251 258 262 273 274 276 282 286 287 289 296 322 326 330 333 338 341
  348 359 361 365 367 370 372 395 418 441 448 459 469 473 482 500 504
  507 517 534 537 562 568 578 597 613 620 636 664 675 689 702 705 716
  721 765 781 810 816 819 822 841 842 850 877 894 899 900 913 933 939
  943 952 960 970 973 978 985 1031 1051 1062 1079 1131 1135 1155 1159
  1178 1188 1193 1194 1231 1237 1251 1256 1265 1297 1331 1333 1334
  1352 1369 1372 1382 1394 1404 1416 1469 1497 1508 1509 1561 1618
  1619 1647 1667 1675 1709 1711 1713 1716 1726 1730 1770 1773 1787
  1792 1793 1809 1839 1865 1870 1882 1908 1912 1938 1945 1964 2009
  2031 2064 2069 2092 2094 2109 2110 2123 2139 2143 2148 2172 2183
  2188 2194 2199 2220 2229 2232 2248 2253 2265 2280 2285 2308 2341
======================================================================

EVOLUÇÃO DE f(G\R) A CADA ITERAÇÃO
  iteração   vértice removido       f(G\R)
         1               1497      2662300
         2               1912      2650778
         3               2194      2639281
         4               2308      2627809
         5                819      2616365
         6                367      2607223
         7               1773      2584474
         8                716      2575388
         9                613      2566319
        10                978      2557266
        11               1135      2548229
        12               1561      2539208
        13               1647      2530203
        14               2092      2521214
        15                 67      2512243
        16                137      2503288
        17                562      2494349
        18                943      2483197
        19                181      2474294
        20                702      2465407
        21               1159      2452112
        22                765      2443265
        23                850      2434434
        24                899      2425619
        25               1251      2416820
        26               1333      2408037
        27               1787      2399270
        28               1964      2390519
        29               2069      2381784
        30               2110      2373065
        31               2139      2364362
        32               2143      2355675
        33                 17      2349168
        34                 69      2342670
        35                140      2336181
        36                262      2329701
        37                282      2323230
        38                227      2314619
        39               1713      2306024
        40                287      2299586
        41                348      2293157
        42                418      2286737
        43                459      2280326
        44               2094      2271792
        45                469      2265402
        46                473      2259021
        47                675      2252649
        48                816      2246286
        49                939      2239932
        50                952      2233587
        51               1062      2227251
        52               1079      2220924
        53               1178      2214606
        54               1716      2206197
        55               1194      2199900
        56               1231      2193612
        57               1256      2187333
        58               1382      2181063
        59               1394      2174802
        60               2199      2162311
        61               2229      2151932
        62               2248      2143645
        63                441      2137438
        64               1618      2131240
        65               1839      2125051
        66               1945      2118871
        67               2064      2112700
        68               2188      2104487
        69               2109      2098337
        70               2148      2092196
        71               2183      2086064
        72               2220      2079941
        73                 58      2073828
        74                 78      2067724
        75                122      2061629
        76                235      2055543
        77               1188      2049465
        78                245      2043397
        79                289      2037338
        80               2285      2029273
        81               1352      2023234
        82                395      2015197
        83                333      2009180
        84                341      2003172
        85                372      1997173
        86               2265      1991182
        87                448      1985201
        88               1404      1969304
        89               1870      1961377
        90                504      1955441
        91                507      1949514
        92                534      1943596
        93                578      1937687
        94                597      1931787
        95                620      1925896
        96                689      1920014
        97               1051      1910235
        98                705      1904377
        99                781      1898528
       100                810      1892688
       101                822      1886857
       102                841      1881035
       103                842      1875222
       104                877      1869418
       105                894      1863623
       106                913      1857837
       107                933      1852060
       108               1193      1846292
       109               1237      1840533
       110               1265      1834783
       111               1297      1829042
       112               1416      1823310
       113                900      1817587
       114               1469      1811873
       115               1508      1806168
       116               1793      1800471
       117               1619      1794784
       118               1675      1789106
       119               1709      1783437
       120               1509      1777777
       121                970      1772126
       122               1711      1766484
       123               1726      1760851
       124                286      1755227
       125               1730      1749612
       126               2280      1738417
       127               1770      1732829
       128               1792      1727250
       129               1809      1721680
       130               1882      1716119
       131               2009      1710567
       132               2031      1705024
       133                973      1697649
       134               2123      1692127
       135               2172      1686614
       136               2253      1681110
       137               2341      1675615
       138                  8      1671956
       139                241      1664653
       140                 16      1661006
       141                 22      1657363
       142                 40      1653724
       143                 51      1650089
       144               1372      1644644
       145                 60      1641019
       146                960      1630174
       147                 73      1626565
       148                 75      1622960
       149               1131      1613971
       150                 86      1610380
       151               1331      1605002
       152               1369      1596060
       153                985      1590705
       154                 92      1587140
       155                 98      1583579
       156                118      1580022
       157                 19      1576469
       158                133      1572920
       159                153      1567605
       160                134      1564066
       161                482      1558765
       162               1334      1553474
       163                151      1549951
       164               2232      1544675
       165                158      1541162
       166                162      1537653
       167                191      1534148
       168                199      1530647
       169                213      1527150
       170                221      1523657
       171                237      1520168
       172                247      1516683
       173                251      1513202
       174                258      1509725
       175               1667      1504518
       176                274      1501051
       177                500      1494130
       178                276      1490675
       179                296      1487224
       180                322      1483777
       181                326      1480334
       182                517      1475177
       183               1031      1470030
       184                330      1466603
       185               1155      1461471
       186               1938      1456347
       187                568      1451233
       188               1865      1446128
       189                664      1441032
       190                338      1437639
       191                359      1434250
       192                537      1427485
       193                273      1424108
       194                721      1417367
       195                636      1412321
       196                 74      1408962
       197                361      1405607
       198                365      1402256
       199               1908      1397238
       200                370      1393897
