======================================================================
RELATÓRIO DO EXPERIMENTO — Problema dos Nós Críticos (CNP)
======================================================================
Instância ................ ForestFire_n500
Arquivo .................. Ventresca/ForestFire_n500.txt
Vértices (n) ............. 500
Arestas (m) .............. 828
K (máx. de remoções) ..... 110
Algoritmo ................ greedy2 ingênuo (recalcula f do zero), O(k·n·(n+m))
Tempo de execução ........ 3.736 s
f(G) sem remoções ........ 124750
f(G\R) obtido ............ 277
Melhor valor conhecido ... 257
Gap para o melhor ........ +7.78%

MELHOR SOLUÇÃO ENCONTRADA
|R| ...................... 110
f(G\R) ................... 277
R (na ordem de escolha):
  11 15 5 8 31 13 46 0 7 39 2 6 1 9 172 10 408 28 196 148 27 78 41 23
  25 395 206 60 61 17 14 33 191 82 47 174 22 111 96 18 143 58 157 103
  86 320 124 57 187 92 299 114 279 283 79 80 24 51 34 156 71 98 144 66
  53 75 91 365 169 218 255 38 462 74 127 189 274 97 303 490 55 56 94
  109 140 223 73 138 155 204 244 298 382 3 19 20 30 35 119 267 345 468
  37 147 210 317 154 171 192 198
R (ordenado):
  0 1 2 3 5 6 7 8 9 10 11 13 14 15 17 18 19 20 22 23 24 25 27 28 30 31
  33 34 35 37 38 39 41 46 47 51 53 55 56 57 58 60 61 66 71 73 74 75 78
  79 80 82 86 91 92 94 96 97 98 103 109 111 114 119 124 127 138 140
  143 144 147 148 154 155 156 157 169 171 172 174 187 189 191 192 196
  198 204 206 210 218 223 244 255 267 274 279 283 298 299 303 317 320
  345 365 382 395 408 462 468 490
======================================================================

EVOLUÇÃO DE f(G\R) A CADA ITERAÇÃO
  iteração   vértice removido       f(G\R)
         1                 11       111772
         2                 15       100911
         3                  5        91397
         4                  8        82466
         5                 31        75114
         6                 13        68473
         7                 46        62430
         8                  0        56707
         9                  7        51541
        10                 39        46937
        11                  2        42827
        12                  6        36018
        13                  1        32505
        14                  9        24484
        15                172        20375
        16                 10        17367
        17                408        15698
        18                 28        14413
        19                196        13196
        20                148         9359
        21                 27         8370
        22                 78         7555
        23                 41         6886
        24                 23         4530
        25                 25         3614
        26                395         3346
        27                206         3139
        28                 60         2939
        29                 61         2780
        30                 17         2639
        31                 14         2522
        32                 33         2413
        33                191         2315
        34                 82         2219
        35                 47         2130
        36                174         2046
        37                 22         1963
        38                111         1882
        39                 96         1808
        40                 18         1745
        41                143         1688
        42                 58         1632
        43                157         1576
        44                103         1527
        45                 86         1480
        46                320         1433
        47                124         1388
        48                 57         1329
        49                187         1246
        50                 92         1187
        51                299         1142
        52                114         1107
        53                279         1072
        54                283         1037
        55                 79         1006
        56                 80          975
        57                 24          946
        58                 51          917
        59                 34          890
        60                156          865
        61                 71          841
        62                 98          817
        63                144          794
        64                 66          773
        65                 53          755
        66                 75          738
        67                 91          721
        68                365          699
        69                169          682
        70                218          665
        71                255          648
        72                 38          633
        73                462          618
        74                 74          605
        75                127          592
        76                189          579
        77                274          566
        78                 97          554
        79                303          542
        80                490          530
        81                 55          519
        82                 56          508
        83                 94          497
        84                109          486
        85                140          475
        86                223          464
        87                 73          455
        88                138          446
        89                155          437
        90                204          428
        91                244          419
        92                298          410
        93                382          401
        94                  3          393
        95                 19          385
        96                 20          377
        97                 30          369
        98                 35          361
        99                119          353
       100                267          345
       101                345          337
       102                468          329
       103                 37          322
       104                147          315
       105                210          308
       106                317          301
       107                154          295
       108                171          289
       109                192          283
       110                198          277
