======================================================================
RELATÓRIO DO EXPERIMENTO — Problema dos Nós Críticos (CNP)
======================================================================
Instância ................ ForestFire_n1000
Arquivo .................. Ventresca/ForestFire_n1000.txt
Vértices (n) ............. 1000
Arestas (m) .............. 1817
K (máx. de remoções) ..... 150
Algoritmo ................ greedy2 rápido (DFS + pontos de articulação), O(k(n+m))
Tempo de execução ........ 0.103 s
f(G) sem remoções ........ 499500
f(G\R) obtido ............ 1388
Melhor valor conhecido ... 1260
Gap para o melhor ........ +10.16%

MELHOR SOLUÇÃO ENCONTRADA
|R| ...................... 150
f(G\R) ................... 1388
R (na ordem de escolha):
  3 0 100 19 16 105 42 18 297 85 2 51 10 56 87 335 37 150 309 12 31
  221 1 54 80 787 41 15 9 76 83 179 159 13 101 5 71 48 95 96 77 111
  350 131 110 236 482 35 74 44 371 204 427 23 4 650 34 540 158 17 225
  125 39 8 7 192 22 24 99 25 133 75 11 140 730 382 66 157 420 138 137
  107 670 180 229 407 618 93 542 268 484 502 73 135 91 146 117 286 53
  593 40 358 421 149 367 265 295 663 357 211 403 14 452 161 28 214 30
  284 160 36 88 343 461 115 199 419 515 119 123 328 58 156 332 353 391
  571 112 365 574 134 222 466 113 162 320 186 72 139 578 677
R (ordenado):
  0 1 2 3 4 5 7 8 9 10 11 12 13 14 15 16 17 18 19 22 23 24 25 28 30 31
  34 35 36 37 39 40 41 42 44 48 51 53 54 56 58 66 71 72 73 74 75 76 77
  80 83 85 87 88 91 93 95 96 99 100 101 105 107 110 111 112 113 115
  117 119 123 125 131 133 134 135 137 138 139 140 146 149 150 156 157
  158 159 160 161 162 179 180 186 192 199 204 211 214 221 222 225 229
  236 265 268 284 286 295 297 309 320 328 332 335 343 350 353 357 358
  365 367 371 382 391 403 407 419 420 421 427 452 461 466 482 484 502
  515 540 542 571 574 578 593 618 650 663 670 677 730 787
======================================================================

EVOLUÇÃO DE f(G\R) A CADA ITERAÇÃO
  iteração   vértice removido       f(G\R)
         1                  3       459993
         2                  0       435521
         3                100       411795
         4                 19       393169
         5                 16       375830
         6                105       360518
         7                 42       346307
         8                 18       326894
         9                297       313420
        10                 85       300983
        11                  2       288804
        12                 51       277632
        13                 10       267391
        14                 56       257368
        15                 87       247541
        16                335       238544
        17                 37       229757
        18                150       221139
        19                309       212690
        20                 12       204996
        21                 31       196825
        22                221       189451
        23                  1       182794
        24                 54       163987
        25                 80       157841
        26                787       151825
        27                 41       146438
        28                 15       133616
        29                  9       127593
        30                 76       122679
        31                 83       117880
        32                179       111317
        33                159       107198
        34                 13       103167
        35                101        99217
        36                  5        95753
        37                 71        92364
        38                 48        87407
        39                 95        84568
        40                 96        81779
        41                 77        79041
        42                111        76352
        43                350        71532
        44                131        67227
        45                110        64771
        46                236        62364
        47                482        60328
        48                 35        58329
        49                 74        56368
        50                 44        54445
        51                371        51950
        52                204        50111
        53                427        48312
        54                 23        46833
        55                  4        45092
        56                650        42035
        57                 34        40398
        58                540        30739
        59                158        28124
        60                 17        25269
        61                225        23500
        62                125        20140
        63                 39        19282
        64                  8        15610
        65                  7        14236
        66                192        10013
        67                 22         9039
        68                 24         7944
        69                 99         7137
        70                 25         6698
        71                133         6309
        72                 75         6032
        73                 11         5777
        74                140         5458
        75                730         5189
        76                382         4935
        77                 66         4761
        78                157         4600
        79                420         4459
        80                138         4320
        81                137         4198
        82                107         4077
        83                670         3958
        84                180         3843
        85                229         3753
        86                407         3666
        87                618         3583
        88                 93         3506
        89                542         3439
        90                268         3374
        91                484         3314
        92                502         3257
        93                 73         3202
        94                135         3148
        95                 91         3095
        96                146         3042
        97                117         2993
        98                286         2945
        99                 53         2898
       100                593         2849
       101                 40         2804
       102                358         2759
       103                421         2714
       104                149         2670
       105                367         2626
       106                265         2583
       107                295         2541
       108                663         2499
       109                357         2458
       110                211         2419
       111                403         2380
       112                 14         2345
       113                452         2310
       114                161         2276
       115                 28         2243
       116                214         2210
       117                 30         2178
       118                284         2146
       119                160         2115
       120                 36         2086
       121                 88         2057
       122                343         2028
       123                461         1999
       124                115         1972
       125                199         1945
       126                419         1918
       127                515         1891
       128                119         1866
       129                123         1841
       130                328         1816
       131                 58         1792
       132                156         1768
       133                332         1744
       134                353         1720
       135                391         1696
       136                571         1672
       137                112         1649
       138                365         1626
       139                574         1603
       140                134         1582
       141                222         1561
       142                466         1540
       143                113         1521
       144                162         1502
       145                320         1483
       146                186         1460
       147                 72         1442
       148                139         1424
       149                578         1406
       150                677         1388
