======================================================================
RELATÓRIO DO EXPERIMENTO — Problema dos Nós Críticos (CNP)
======================================================================
Instância ................ ForestFire_n250
Arquivo .................. Ventresca/ForestFire_n250.txt
Vértices (n) ............. 250
Arestas (m) .............. 514
K (máx. de remoções) ..... 50
Algoritmo ................ greedy2 ingênuo (recalcula f do zero), O(k·n·(n+m))
Tempo de execução ........ 0.403 s
f(G) sem remoções ........ 31125
f(G\R) obtido ............ 210
Melhor valor conhecido ... 194
Gap para o melhor ........ +8.25%

MELHOR SOLUÇÃO ENCONTRADA
|R| ...................... 50
f(G\R) ................... 210
R (na ordem de escolha):
  15 17 112 37 30 22 47 23 21 33 66 0 38 7 62 31 89 78 13 1 127 102 19
  3 4 9 8 81 2 11 5 129 27 10 105 51 248 188 14 25 52 149 70 18 28 59
  116 150 53 119
R (ordenado):
  0 1 2 3 4 5 7 8 9 10 11 13 14 15 17 18 19 21 22 23 25 27 28 30 31 33
  37 38 47 51 52 53 59 62 66 70 78 81 89 102 105 112 116 119 127 129
  149 150 188 248
======================================================================

EVOLUÇÃO DE f(G\R) A CADA ITERAÇÃO
  iteração   vértice removido       f(G\R)
         1                 15        28929
         2                 17        26826
         3                112        25027
         4                 37        23494
         5                 30        22018
         6                 22        20782
         7                 47        19583
         8                 23        18422
         9                 21        17301
        10                 33        16216
        11                 66        15167
        12                  0        14313
        13                 38        13173
        14                  7        12381
        15                 62        11617
        16                 31        10587
        17                 89         9883
        18                 78         9067
        19                 13         8542
        20                  1         6667
        21                127         5702
        22                102         4999
        23                 19         4618
        24                  3         3992
        25                  4         2898
        26                  9         2621
        27                  8         2362
        28                 81         1760
        29                  2         1424
        30                 11         1253
        31                  5         1098
        32                129          875
        33                 27          632
        34                 10          489
        35                105          446
        36                 51          419
        37                248          395
        38                188          372
        39                 14          351
        40                 25          332
        41                 52          315
        42                149          298
        43                 70          283
        44                 18          272
        45                 28          261
        46                 59          250
        47                116          239
        48                150          228
        49                 53          219
        50                119          210
