======================================================================
RELATÓRIO DO EXPERIMENTO — Problema dos Nós Críticos (CNP)
======================================================================
Instância ................ ForestFire_n2000
Arquivo .................. Ventresca/ForestFire_n2000.txt
Vértices (n) ............. 2000
Arestas (m) .............. 3413
K (máx. de remoções) ..... 200
Algoritmo ................ greedy2 ingênuo (recalcula f do zero), O(k·n·(n+m))
Tempo de execução ........ 125.944 s
f(G) sem remoções ........ 1999000
f(G\R) obtido ............ 4873
Melhor valor conhecido ... 4545
Gap para o melhor ........ +7.22%

MELHOR SOLUÇÃO ENCONTRADA
|R| ...................... 200
f(G\R) ................... 4873
R (na ordem de escolha):
  50 8 61 105 5 159 137 78 154 226 57 161 7 153 125 19 16 448 58 45 44
  84 2 0 23 4 13 3 32 149 60 10 609 6 9 142 892 106 263 426 1 1583 49
  17 1807 30 104 1329 223 150 538 622 675 97 54 336 14 39 260 1587 460
  11 367 64 56 462 144 277 47 629 921 1626 86 212 133 235 645 33 114
  63 62 79 51 1398 48 1182 163 55 1978 20 743 126 175 573 191 176 98
  37 21 18 72 270 167 40 469 298 35 628 242 94 140 75 166 1839 347 124
  42 382 228 1668 24 946 179 231 244 343 96 1421 1396 415 455 883 363
  59 274 431 111 586 815 238 255 579 626 36 177 81 90 195 240 129 990
  433 237 141 103 43 243 450 67 193 93 107 698 132 168 208 564 214 400
  1065 685 155 346 402 143 681 26 710 70 118 181 229 380 398 715 798
  162 362 476 999 1525 1806 123 445 1153 192 483 674 752 1871
R (ordenado):
  0 1 2 3 4 5 6 7 8 9 10 11 13 14 16 17 18 19 20 21 23 24 26 30 32 33
  35 36 37 39 40 42 43 44 45 47 48 49 50 51 54 55 56 57 58 59 60 61 62
  63 64 67 70 72 75 78 79 81 84 86 90 93 94 96 97 98 103 104 105 106
  107 111 114 118 123 124 125 126 129 132 133 137 140 141 142 143 144
  149 150 153 154 155 159 161 162 163 166 167 168 175 176 177 179 181
  191 192 193 195 208 212 214 223 226 228 229 231 235 237 238 240 242
  243 244 255 260 263 270 274 277 298 336 343 346 347 362 363 367 380
  382 398 400 402 415 426 431 433 445 448 450 455 460 462 469 476 483
  538 564 573 579 586 609 622 626 628 629 645 674 675 681 685 698 710
  715 743 752 798 815 883 892 921 946 990 999 1065 1153 1182 1329 1396
  1398 1421 1525 1583 1587 1626 1668 1806 1807 1839 1871 1978
======================================================================

EVOLUÇÃO DE f(G\R) A CADA ITERAÇÃO
  iteração   vértice removido       f(G\R)
         1                 50      1832398
         2                  8      1729494
         3                 61      1644243
         4                105      1578441
         5                  5      1527575
         6                159      1482702
         7                137      1440167
         8                 78      1399913
         9                154      1361951
        10                226      1324577
        11                 57      1292414
        12                161      1260667
        13                  7      1229368
        14                153      1199915
        15                125      1170844
        16                 19      1143585
        17                 16      1113743
        18                448      1087187
        19                 58      1062415
        20                 45      1037959
        21                 44      1013820
        22                 84       989970
        23                  2       955458
        24                  0       881703
        25                 23       825428
        26                  4       775465
        27                 13       729828
        28                  3       704940
        29                 32       651601
        30                149       616370
        31                 60       598953
        32                 10       566080
        33                609       549429
        34                  6       533078
        35                  9       509015
        36                142       491360
        37                892       475937
        38                106       447712
        39                263       433893
        40                426       420334
        41                  1       407828
        42               1583       324725
        43                 49       292166
        44                 17       263969
        45               1807       238086
        46                 30       205309
        47                104       197008
        48               1329       186026
        49                223       179256
        50                150       173172
        51                538       110145
        52                622       105943
        53                675       102216
        54                 97        98609
        55                 54        95394
        56                336        92236
        57                 14        89479
        58                 39        80923
        59                260        77229
        60               1587        59230
        61                460        46511
        62                 11        42378
        63                367        40341
        64                 64        38326
        65                 56        36833
        66                462        35366
        67                144        33997
        68                277        32839
        69                 47        31640
        70                629        28087
        71                921        26758
        72               1626        25889
        73                 86        25054
        74                212        24247
        75                133        23650
        76                235        23081
        77                645        22524
        78                 33        22002
        79                114        21483
        80                 63        20969
        81                 62        20460
        82                 79        19951
        83                 51        19479
        84               1398        19081
        85                 48        18697
        86               1182        18314
        87                163        17947
        88                 55        17585
        89               1978        17265
        90                 20        16946
        91                743        16637
        92                126        16367
        93                175        16103
        94                573        15845
        95                191        15595
        96                176        15358
        97                 98        15131
        98                 37        14907
        99                 21        14653
       100                 18        14432
       101                 72        14215
       102                270        14001
       103                167        13792
       104                 40        13590
       105                469        13391
       106                298        13212
       107                 35        13040
       108                628        12877
       109                242        12718
       110                 94        12566
       111                140        12287
       112                 75        12136
       113                166        11987
       114               1839        11840
       115                347        11696
       116                124        11553
       117                 42        11413
       118                382        11273
       119                228        11136
       120               1668        10999
       121                 24        10872
       122                946        10710
       123                179        10583
       124                231        10456
       125                244        10330
       126                343        10208
       127                 96        10089
       128               1421         9970
       129               1396         9859
       130                415         9750
       131                455         9643
       132                883         9541
       133                363         9443
       134                 59         9346
       135                274         9249
       136                431         9152
       137                111         9056
       138                586         8960
       139                815         8864
       140                238         8771
       141                255         8678
       142                579         8589
       143                626         8500
       144                 36         8417
       145                177         8322
       146                 81         8239
       147                 90         8156
       148                195         8073
       149                240         7990
       150                129         7908
       151                990         7829
       152                433         7751
       153                237         7674
       154                141         7600
       155                103         7527
       156                 43         7430
       157                243         7357
       158                450         7285
       159                 67         7214
       160                193         7143
       161                 93         7074
       162                107         7005
       163                698         6934
       164                132         6865
       165                168         6796
       166                208         6727
       167                564         6658
       168                214         6591
       169                400         6524
       170               1065         6457
       171                685         6391
       172                155         6328
       173                346         6265
       174                402         6202
       175                143         6144
       176                681         6087
       177                 26         6031
       178                710         5976
       179                 70         5922
       180                118         5830
       181                181         5777
       182                229         5724
       183                380         5671
       184                398         5618
       185                715         5565
       186                798         5512
       187                162         5461
       188                362         5412
       189                476         5365
       190                999         5318
       191               1525         5271
       192               1806         5224
       193                123         5179
       194                445         5134
       195               1153         5089
       196                192         5045
       197                483         5002
       198                674         4959
       199                752         4916
       200               1871         4873
