======================================================================
RELATÓRIO DO EXPERIMENTO — Problema dos Nós Críticos (CNP)
======================================================================
Instância ................ WattsStrogatz_n1500
Arquivo .................. Ventresca/WattsStrogatz_n1500.txt
Vértices (n) ............. 1500
Arestas (m) .............. 4498
K (máx. de remoções) ..... 265
Algoritmo ................ greedy2 ingênuo (recalcula f do zero), O(k·n·(n+m))
Tempo de execução ........ 85.593 s
f(G) sem remoções ........ 1124250
f(G\R) obtido ............ 760761
Melhor valor conhecido ... 13098
Gap para o melhor ........ +5708.22%

MELHOR SOLUÇÃO ENCONTRADA
|R| ...................... 265
f(G\R) ................... 760761
R (na ordem de escolha):
  0 1 2 3 4 5 6 7 8 9 10 11 12 13 14 15 16 17 18 19 20 21 22 23 24 25
  26 27 28 29 30 31 32 33 34 35 36 37 38 39 40 41 42 43 44 45 46 47 48
  49 50 51 52 53 54 55 56 57 58 59 60 61 62 63 64 65 66 67 68 69 70 71
  72 73 74 75 76 77 78 79 80 81 82 83 84 85 86 87 88 89 90 91 92 93 94
  95 96 97 98 99 100 101 102 103 104 105 106 107 108 109 110 111 112
  113 114 115 116 117 118 119 120 121 122 123 124 125 126 127 128 129
  130 131 132 133 134 135 136 137 138 139 140 141 142 143 144 145 146
  147 148 149 150 151 152 153 154 155 156 157 158 159 160 161 162 163
  164 165 166 167 168 169 170 171 172 173 174 175 176 177 178 179 180
  181 182 183 184 185 186 187 188 189 190 191 192 193 194 195 196 197
  198 199 200 201 202 203 204 205 206 207 208 209 210 211 212 216 214
  215 217 218 219 220 221 222 223 224 225 226 227 228 229 230 231 232
  233 234 235 236 237 238 239 240 241 242 243 244 245 246 247 248 249
  250 251 252 253 254 255 256 257 258 259 260 261 262 263 264 265
R (ordenado):
  0 1 2 3 4 5 6 7 8 9 10 11 12 13 14 15 16 17 18 19 20 21 22 23 24 25
  26 27 28 29 30 31 32 33 34 35 36 37 38 39 40 41 42 43 44 45 46 47 48
  49 50 51 52 53 54 55 56 57 58 59 60 61 62 63 64 65 66 67 68 69 70 71
  72 73 74 75 76 77 78 79 80 81 82 83 84 85 86 87 88 89 90 91 92 93 94
  95 96 97 98 99 100 101 102 103 104 105 106 107 108 109 110 111 112
  113 114 115 116 117 118 119 120 121 122 123 124 125 126 127 128 129
  130 131 132 133 134 135 136 137 138 139 140 141 142 143 144 145 146
  147 148 149 150 151 152 153 154 155 156 157 158 159 160 161 162 163
  164 165 166 167 168 169 170 171 172 173 174 175 176 177 178 179 180
  181 182 183 184 185 186 187 188 189 190 191 192 193 194 195 196 197
  198 199 200 201 202 203 204 205 206 207 208 209 210 211 212 214 215
  216 217 218 219 220 221 222 223 224 225 226 227 228 229 230 231 232
  233 234 235 236 237 238 239 240 241 242 243 244 245 246 247 248 249
  250 251 252 253 254 255 256 257 258 259 260 261 262 263 264 265
======================================================================

EVOLUÇÃO DE f(G\R) A CADA ITERAÇÃO
  iteração   vértice removido       f(G\R)
         1                  0      1122751
         2                  1      1121253
         3                  2      1119756
         4                  3      1118260
         5                  4      1116765
         6                  5      1115271
         7                  6      1113778
         8                  7      1112286
         9                  8      1110795
        10                  9      1109305
        11                 10      1107816
        12                 11      1106328
        13                 12      1104841
        14                 13      1103355
        15                 14      1101870
        16                 15      1100386
        17                 16      1098903
        18                 17      1097421
        19                 18      1095940
        20                 19      1094460
        21                 20      1092981
        22                 21      1091503
        23                 22      1090026
        24                 23      1088550
        25                 24      1087075
        26                 25      1085601
        27                 26      1084128
        28                 27      1082656
        29                 28      1081185
        30                 29      1079715
        31                 30      1078246
        32                 31      1076778
        33                 32      1075311
        34                 33      1073845
        35                 34      1072380
        36                 35      1070916
        37                 36      1069453
        38                 37      1067991
        39                 38      1066530
        40                 39      1065070
        41                 40      1063611
        42                 41      1062153
        43                 42      1060696
        44                 43      1059240
        45                 44      1057785
        46                 45      1056331
        47                 46      1054878
        48                 47      1053426
        49                 48      1051975
        50                 49      1050525
        51                 50      1049076
        52                 51      1047628
        53                 52      1046181
        54                 53      1044735
        55                 54      1043290
        56                 55      1041846
        57                 56      1040403
        58                 57      1038961
        59                 58      1037520
        60                 59      1036080
        61                 60      1034641
        62                 61      1033203
        63                 62      1031766
        64                 63      1030330
        65                 64      1028895
        66                 65      1027461
        67                 66      1026028
        68                 67      1024596
        69                 68      1023165
        70                 69      1021735
        71                 70      1020306
        72                 71      1018878
        73                 72      1017451
        74                 73      1016025
        75                 74      1014600
        76                 75      1013176
        77                 76      1011753
        78                 77      1010331
        79                 78      1008910
        80                 79      1007490
        81                 80      1006071
        82                 81      1004653
        83                 82      1003236
        84                 83      1001820
        85                 84      1000405
        86                 85       998991
        87                 86       997578
        88                 87       996166
        89                 88       994755
        90                 89       993345
        91                 90       991936
        92                 91       990528
        93                 92       989121
        94                 93       987715
        95                 94       986310
        96                 95       984906
        97                 96       983503
        98                 97       982101
        99                 98       980700
       100                 99       979300
       101                100       977901
       102                101       976503
       103                102       975106
       104                103       973710
       105                104       972315
       106                105       970921
       107                106       969528
       108                107       968136
       109                108       966745
       110                109       965355
       111                110       963966
       112                111       962578
       113                112       961191
       114                113       959805
       115                114       958420
       116                115       957036
       117                116       955653
       118                117       954271
       119                118       952890
       120                119       951510
       121                120       950131
       122                121       948753
       123                122       947376
       124                123       946000
       125                124       944625
       126                125       943251
       127                126       941878
       128                127       940506
       129                128       939135
       130                129       937765
       131                130       936396
       132                131       935028
       133                132       933661
       134                133       932295
       135                134       930930
       136                135       929566
       137                136       928203
       138                137       926841
       139                138       925480
       140                139       924120
       141                140       922761
       142                141       921403
       143                142       920046
       144                143       918690
       145                144       917335
       146                145       915981
       147                146       914628
       148                147       913276
       149                148       911925
       150                149       910575
       151                150       909226
       152                151       907878
       153                152       906531
       154                153       905185
       155                154       903840
       156                155       902496
       157                156       901153
       158                157       899811
       159                158       898470
       160                159       897130
       161                160       895791
       162                161       894453
       163                162       893116
       164                163       891780
       165                164       890445
       166                165       889111
       167                166       887778
       168                167       886446
       169                168       885115
       170                169       883785
       171                170       882456
       172                171       881128
       173                172       879801
       174                173       878475
       175                174       877150
       176                175       875826
       177                176       874503
       178                177       873181
       179                178       871860
       180                179       870540
       181                180       869221
       182                181       867903
       183                182       866586
       184                183       865270
       185                184       863955
       186                185       862641
       187                186       861328
       188                187       860016
       189                188       858705
       190                189       857395
       191                190       856086
       192                191       854778
       193                192       853471
       194                193       852165
       195                194       850860
       196                195       849556
       197                196       848253
       198                197       846951
       199                198       845650
       200                199       844350
       201                200       843051
       202                201       841753
       203                202       840456
       204                203       839160
       205                204       837865
       206                205       836571
       207                206       835278
       208                207       833986
       209                208       832695
       210                209       831405
       211                210       830116
       212                211       828828
       213                212       827541
       214                216       824970
       215                214       823686
       216                215       822403
       217                217       821121
       218                218       819840
       219                219       818560
       220                220       817281
       221                221       816003
       222                222       814726
       223                223       813450
       224                224       812175
       225                225       810901
       226                226       809628
       227                227       808356
       228                228       807085
       229                229       805815
       230                230       804546
       231                231       803278
       232                232       802011
       233                233       800745
       234                234       799480
       235                235       798216
       236                236       796953
       237                237       795691
       238                238       794430
       239                239       793170
       240                240       791911
       241                241       790653
       242                242       789396
       243                243       788140
       244                244       786885
       245                245       785631
       246                246       784378
       247                247       783126
       248                248       781875
       249                249       780625
       250                250       779376
       251                251       778128
       252                252       776881
       253                253       775635
       254                254       774390
       255                255       773146
       256                256       771903
       257                257       770661
       258                258       769420
       259                259       768180
       260                260       766941
       261                261       765703
       262                262       764466
       263                263       763230
       264                264       761995
       265                265       760761
