======================================================================
RELATÓRIO DO EXPERIMENTO — Problema dos Nós Críticos (CNP)
======================================================================
Instância ................ WattsStrogatz_n1000
Arquivo .................. Ventresca/WattsStrogatz_n1000.txt
Vértices (n) ............. 1000
Arestas (m) .............. 4996
K (máx. de remoções) ..... 200
Algoritmo ................ greedy2 rápido (DFS + pontos de articulação), O(k(n+m))
Tempo de execução ........ 0.454 s
f(G) sem remoções ........ 499500
f(G\R) obtido ............ 319600
Melhor valor conhecido ... 109807
Gap para o melhor ........ +191.06%

MELHOR SOLUÇÃO ENCONTRADA
|R| ...................... 200
f(G\R) ................... 319600
R (na ordem de escolha):
  0 1 2 3 4 5 6 7 8 9 10 11 12 13 14 15 16 17 18 19 20 21 22 23 24 25
  26 27 28 29 30 31 32 33 34 35 36 37 38 39 40 41 42 43 44 45 46 47 48
  49 50 51 52 53 54 55 56 57 58 59 60 61 62 63 64 65 66 67 68 69 70 71
  72 73 74 75 76 77 78 79 80 81 82 83 84 85 86 87 88 89 90 91 92 93 94
  95 96 97 98 99 100 101 102 103 104 105 106 107 108 109 110 111 112
  113 114 115 116 117 118 119 120 121 122 123 124 125 126 127 128 129
  130 131 132 133 134 135 136 137 138 139 140 141 142 143 144 145 146
  147 148 149 150 151 152 153 154 155 156 157 158 159 160 161 162 163
  164 165 166 167 168 169 170 171 172 173 174 175 176 177 178 179 180
  181 182 183 184 185 186 187 188 189 190 191 192 193 194 195 196 197
  198 199
R (ordenado):
  0 1 2 3 4 5 6 7 8 9 10 11 12 13 14 15 16 17 18 19 20 21 22 23 24 25
  26 27 28 29 30 31 32 33 34 35 36 37 38 39 40 41 42 43 44 45 46 47 48
  49 50 51 52 53 54 55 56 57 58 59 60 61 62 63 64 65 66 67 68 69 70 71
  72 73 74 75 76 77 78 79 80 81 82 83 84 85 86 87 88 89 90 91 92 93 94
  95 96 97 98 99 100 101 102 103 104 105 106 107 108 109 110 111 112
  113 114 115 116 117 118 119 120 121 122 123 124 125 126 127 128 129
  130 131 132 133 134 135 136 137 138 139 140 141 142 143 144 145 146
  147 148 149 150 151 152 153 154 155 156 157 158 159 160 161 162 163
  164 165 166 167 168 169 170 171 172 173 174 175 176 177 178 179 180
  181 182 183 184 185 186 187 188 189 190 191 192 193 194 195 196 197
  198 199
======================================================================

EVOLUÇÃO DE f(G\R) A CADA ITERAÇÃO
  iteração   vértice removido       f(G\R)
         1                  0       498501
         2                  1       497503
         3                  2       496506
         4                  3       495510
         5                  4       494515
         6                  5       493521
         7                  6       492528
         8                  7       491536
         9                  8       490545
        10                  9       489555
        11                 10       488566
        12                 11       487578
        13                 12       486591
        14                 13       485605
        15                 14       484620
        16                 15       483636
        17                 16       482653
        18                 17       481671
        19                 18       480690
        20                 19       479710
        21                 20       478731
        22                 21       477753
        23                 22       476776
        24                 23       475800
        25                 24       474825
        26                 25       473851
        27                 26       472878
        28                 27       471906
        29                 28       470935
        30                 29       469965
        31                 30       468996
        32                 31       468028
        33                 32       467061
        34                 33       466095
        35                 34       465130
        36                 35       464166
        37                 36       463203
        38                 37       462241
        39                 38       461280
        40                 39       460320
        41                 40       459361
        42                 41       458403
        43                 42       457446
        44                 43       456490
        45                 44       455535
        46                 45       454581
        47                 46       453628
        48                 47       452676
        49                 48       451725
        50                 49       450775
        51                 50       449826
        52                 51       448878
        53                 52       447931
        54                 53       446985
        55                 54       446040
        56                 55       445096
        57                 56       444153
        58                 57       443211
        59                 58       442270
        60                 59       441330
        61                 60       440391
        62                 61       439453
        63                 62       438516
        64                 63       437580
        65                 64       436645
        66                 65       435711
        67                 66       434778
        68                 67       433846
        69                 68       432915
        70                 69       431985
        71                 70       431056
        72                 71       430128
        73                 72       429201
        74                 73       428275
        75                 74       427350
        76                 75       426426
        77                 76       425503
        78                 77       424581
        79                 78       423660
        80                 79       422740
        81                 80       421821
        82                 81       420903
        83                 82       419986
        84                 83       419070
        85                 84       418155
        86                 85       417241
        87                 86       416328
        88                 87       415416
        89                 88       414505
        90                 89       413595
        91                 90       412686
        92                 91       411778
        93                 92       410871
        94                 93       409965
        95                 94       409060
        96                 95       408156
        97                 96       407253
        98                 97       406351
        99                 98       405450
       100                 99       404550
       101                100       403651
       102                101       402753
       103                102       401856
       104                103       400960
       105                104       400065
       106                105       399171
       107                106       398278
       108                107       397386
       109                108       396495
       110                109       395605
       111                110       394716
       112                111       393828
       113                112       392941
       114                113       392055
       115                114       391170
       116                115       390286
       117                116       389403
       118                117       388521
       119                118       387640
       120                119       386760
       121                120       385881
       122                121       385003
       123                122       384126
       124                123       383250
       125                124       382375
       126                125       381501
       127                126       380628
       128                127       379756
       129                128       378885
       130                129       378015
       131                130       377146
       132                131       376278
       133                132       375411
       134                133       374545
       135                134       373680
       136                135       372816
       137                136       371953
       138                137       371091
       139                138       370230
       140                139       369370
       141                140       368511
       142                141       367653
       143                142       366796
       144                143       365940
       145                144       365085
       146                145       364231
       147                146       363378
       148                147       362526
       149                148       361675
       150                149       360825
       151                150       359976
       152                151       359128
       153                152       358281
       154                153       357435
       155                154       356590
       156                155       355746
       157                156       354903
       158                157       354061
       159                158       353220
       160                159       352380
       161                160       351541
       162                161       350703
       163                162       349866
       164                163       349030
       165                164       348195
       166                165       347361
       167                166       346528
       168                167       345696
       169                168       344865
       170                169       344035
       171                170       343206
       172                171       342378
       173                172       341551
       174                173       340725
       175                174       339900
       176                175       339076
       177                176       338253
       178                177       337431
       179                178       336610
       180                179       335790
       181                180       334971
       182                181       334153
       183                182       333336
       184                183       332520
       185                184       331705
       186                185       330891
       187                186       330078
       188                187       329266
       189                188       328455
       190                189       327645
       191                190       326836
       192                191       326028
       193                192       325221
       194                193       324415
       195                194       323610
       196                195       322806
       197                196       322003
       198                197       321201
       199                198       320400
       200                199       319600
