======================================================================
RELATÓRIO DO EXPERIMENTO — Problema dos Nós Críticos (CNP)
======================================================================
Instância ................ WattsStrogatz_n500
Arquivo .................. Ventresca/WattsStrogatz_n500.txt
Vértices (n) ............. 500
Arestas (m) .............. 1496
K (máx. de remoções) ..... 125
Algoritmo ................ greedy2 rápido (DFS + pontos de articulação), O(k(n+m))
Tempo de execução ........ 0.081 s
f(G) sem remoções ........ 124750
f(G\R) obtido ............ 69378
Melhor valor conhecido ... 2072
Gap para o melhor ........ +3248.36%

MELHOR SOLUÇÃO ENCONTRADA
|R| ...................... 125
f(G\R) ................... 69378
R (na ordem de escolha):
  0 1 2 3 4 5 6 7 8 9 10 11 12 13 14 15 16 17 18 19 20 21 22 23 24 25
  26 27 30 29 31 32 33 34 35 36 37 38 39 40 41 42 43 44 45 46 47 48 49
  50 51 52 53 54 55 56 57 58 59 60 61 62 63 64 65 66 67 68 69 70 71 72
  73 74 75 76 77 78 79 80 81 82 83 84 85 86 87 88 89 90 91 92 93 94 95
  96 97 98 99 100 101 102 103 104 105 106 107 108 109 110 111 112 113
  114 115 116 117 118 119 120 121 122 123 125 126
R (ordenado):
  0 1 2 3 4 5 6 7 8 9 10 11 12 13 14 15 16 17 18 19 20 21 22 23 24 25
  26 27 29 30 31 32 33 34 35 36 37 38 39 40 41 42 43 44 45 46 47 48 49
  50 51 52 53 54 55 56 57 58 59 60 61 62 63 64 65 66 67 68 69 70 71 72
  73 74 75 76 77 78 79 80 81 82 83 84 85 86 87 88 89 90 91 92 93 94 95
  96 97 98 99 100 101 102 103 104 105 106 107 108 109 110 111 112 113
  114 115 116 117 118 119 120 121 122 123 125 126
======================================================================

EVOLUÇÃO DE f(G\R) A CADA ITERAÇÃO
  iteração   vértice removido       f(G\R)
         1                  0       124251
         2                  1       123753
         3                  2       123256
         4                  3       122760
         5                  4       122265
         6                  5       121771
         7                  6       121278
         8                  7       120786
         9                  8       120295
        10                  9       119805
        11                 10       119316
        12                 11       118828
        13                 12       118341
        14                 13       117855
        15                 14       117370
        16                 15       116886
        17                 16       116403
        18                 17       115921
        19                 18       115440
        20                 19       114960
        21                 20       114481
        22                 21       114003
        23                 22       113526
        24                 23       113050
        25                 24       112575
        26                 25       112101
        27                 26       111628
        28                 27       111156
        29                 30       110215
        30                 29       109746
        31                 31       109278
        32                 32       108811
        33                 33       108345
        34                 34       107880
        35                 35       107416
        36                 36       106953
        37                 37       106491
        38                 38       106030
        39                 39       105570
        40                 40       105111
        41                 41       104653
        42                 42       104196
        43                 43       103740
        44                 44       103285
        45                 45       102831
        46                 46       102378
        47                 47       101926
        48                 48       101475
        49                 49       101025
        50                 50       100576
        51                 51       100128
        52                 52        99681
        53                 53        99235
        54                 54        98790
        55                 55        98346
        56                 56        97903
        57                 57        97461
        58                 58        97020
        59                 59        96580
        60                 60        96141
        61                 61        95703
        62                 62        95266
        63                 63        94830
        64                 64        94395
        65                 65        93961
        66                 66        93528
        67                 67        93096
        68                 68        92665
        69                 69        92235
        70                 70        91806
        71                 71        91378
        72                 72        90951
        73                 73        90525
        74                 74        90100
        75                 75        89676
        76                 76        89253
        77                 77        88831
        78                 78        88410
        79                 79        87990
        80                 80        87571
        81                 81        87153
        82                 82        86736
        83                 83        86320
        84                 84        85905
        85                 85        85491
        86                 86        85078
        87                 87        84666
        88                 88        84255
        89                 89        83845
        90                 90        83436
        91                 91        83028
        92                 92        82621
        93                 93        82215
        94                 94        81810
        95                 95        81406
        96                 96        81003
        97                 97        80601
        98                 98        80200
        99                 99        79800
       100                100        79401
       101                101        79003
       102                102        78606
       103                103        78210
       104                104        77815
       105                105        77421
       106                106        77028
       107                107        76636
       108                108        76245
       109                109        75855
       110                110        75466
       111                111        75078
       112                112        74691
       113                113        74305
       114                114        73920
       115                115        73536
       116                116        73153
       117                117        72771
       118                118        72390
       119                119        72010
       120                120        71631
       121                121        71253
       122                122        70876
       123                123        70500
       124                125        69751
       125                126        69378
