======================================================================
RELATÓRIO DO EXPERIMENTO — Problema dos Nós Críticos (CNP)
======================================================================
Instância ................ WattsStrogatz_n250
Arquivo .................. Ventresca/WattsStrogatz_n250.txt
Vértices (n) ............. 250
Arestas (m) .............. 1246
K (máx. de remoções) ..... 70
Algoritmo ................ greedy2 rápido (DFS + pontos de articulação), O(k(n+m))
Tempo de execução ........ 0.022 s
f(G) sem remoções ........ 31125
f(G\R) obtido ............ 16110
Melhor valor conhecido ... 3083
Gap para o melhor ........ +422.54%

MELHOR SOLUÇÃO ENCONTRADA
|R| ...................... 70
f(G\R) ................... 16110
R (na ordem de escolha):
  0 1 2 3 4 5 6 7 8 9 10 11 12 13 14 15 16 17 18 19 20 21 22 23 24 25
  26 27 28 29 30 31 32 33 34 35 36 37 38 39 40 41 42 43 44 45 46 47 48
  49 50 51 52 53 54 55 56 57 58 59 60 61 62 63 64 65 66 67 68 69
R (ordenado):
  0 1 2 3 4 5 6 7 8 9 10 11 12 13 14 15 16 17 18 19 20 21 22 23 24 25
  26 27 28 29 30 31 32 33 34 35 36 37 38 39 40 41 42 43 44 45 46 47 48
  49 50 51 52 53 54 55 56 57 58 59 60 61 62 63 64 65 66 67 68 69
======================================================================

EVOLUÇÃO DE f(G\R) A CADA ITERAÇÃO
  iteração   vértice removido       f(G\R)
         1                  0        30876
         2                  1        30628
         3                  2        30381
         4                  3        30135
         5                  4        29890
         6                  5        29646
         7                  6        29403
         8                  7        29161
         9                  8        28920
        10                  9        28680
        11                 10        28441
        12                 11        28203
        13                 12        27966
        14                 13        27730
        15                 14        27495
        16                 15        27261
        17                 16        27028
        18                 17        26796
        19                 18        26565
        20                 19        26335
        21                 20        26106
        22                 21        25878
        23                 22        25651
        24                 23        25425
        25                 24        25200
        26                 25        24976
        27                 26        24753
        28                 27        24531
        29                 28        24310
        30                 29        24090
        31                 30        23871
        32                 31        23653
        33                 32        23436
        34                 33        23220
        35                 34        23005
        36                 35        22791
        37                 36        22578
        38                 37        22366
        39                 38        22155
        40                 39        21945
        41                 40        21736
        42                 41        21528
        43                 42        21321
        44                 43        21115
        45                 44        20910
        46                 45        20706
        47                 46        20503
        48                 47        20301
        49                 48        20100
        50                 49        19900
        51                 50        19701
        52                 51        19503
        53                 52        19306
        54                 53        19110
        55                 54        18915
        56                 55        18721
        57                 56        18528
        58                 57        18336
        59                 58        18145
        60                 59        17955
        61                 60        17766
        62                 61        17578
        63                 62        17391
        64                 63        17205
        65                 64        17020
        66                 65        16836
        67                 66        16653
        68                 67        16471
        69                 68        16290
        70                 69        16110
